9.699448587203109540e+00
7.159991573996778769e+00
1.175746418887859690e+01
7.316168593177553525e+00
1.761090515651047639e+01
6.242927303307503450e+00
7.647548264800325235e+00
8.114680412990944447e+00
8.752403168212472551e+00
6.352365700625795419e+00
5.438934748430991561e+00
6.745911587771387552e+00
8.243423097003907074e+00
9.515449425764824554e+00
9.069734618971793338e+00
9.597055988176260044e+00
8.699902334543672566e+00
1.246837324783530754e+01
9.110858766514805751e+00
9.516514858827395784e+00
7.470270710993540675e+00
1.112809788118026511e+01
8.382818065774392480e+00
6.988698173558963056e+00
6.066870808276866534e+00
5.829163893204436953e+00
1.479463482796160534e+01
6.122091822286781060e+00
1.411171002539537866e+01
5.407744785699645007e+00
9.768435203203956974e+00
7.961569456548275525e+00
7.637798087128182978e+00
1.116019743102286199e+01
1.040680392905377438e+01
1.257716512653705010e+01
8.412916748423388213e+00
6.820790582210403130e+00
1.024055994526898949e+01
5.734778749761228589e+00
4.688754185855312784e+00
1.254248217125447695e+01
6.622194299276234375e+00
8.745315103954430569e+00
1.509032610825073029e+01
1.030689016823574811e+01
1.007601420346191290e+01
7.438816608513050710e+00
8.165855961577589639e+00
1.191389197609332662e+01
7.634715680577150110e+00
9.093558274785037199e+00
9.998110049265203969e+00
6.385543617487316581e+00
1.352206069643945341e+01
7.665908287360768902e+00
6.857139264997867301e+00
1.022097881492707216e+01
9.576244423718517140e+00
9.911921084418059635e+00
7.277222026383922682e+00
7.945511225202653627e+00
1.395843627344680016e+01
6.580879477086640783e+00
1.623815840781683306e+01
6.478671891164344387e+00
8.434975503583206802e+00
5.680173743674641784e+00
1.308642950241903335e+01
8.394089453265278777e+00
5.728907009690880514e+00
1.417425235740639344e+01
7.921514286014830653e+00
1.042791894535950803e+01
1.309062251962241419e+01
1.371262823239912976e+01
5.910513051293226461e+00
1.220299995810195881e+01
7.028113641249928101e+00
7.016800665093431810e+00
1.089333361685960178e+01
1.105877051242964981e+01
1.493141942172016456e+01
4.910022651598204391e+00
4.902928256937389762e+00
7.909100752712008742e+00
1.986474942249330411e+01
4.036388329935914676e+00
1.574538662666680189e+01
9.183788438771136597e+00
6.069931311720750955e+00
7.016332857983794469e+00
7.701681308961410011e+00
5.918769583446278126e+00
1.500238481950071900e+01
7.356955994688492595e+00
9.161437970498345962e+00
9.063051256774205200e+00
8.827578317569965805e+00
1.539540432286446681e+01
9.939556527253964546e+00
1.771495513638105734e+01
1.105525948652262258e+01
1.215414592095528334e+01
9.245494018100643530e+00
4.308235477303430372e+00
8.839771605304822089e+00
6.845521034616608880e+00
8.594395530255797055e+00
1.027075932492586041e+01
7.998597472594184410e+00
1.007658700791279394e+01
6.302467746217421229e+00
9.912142913017685686e+00
1.330133441516660220e+01
1.760857008248745004e+01
1.372468210008280032e+01
1.204813314924730427e+01
7.760745609236540332e+00
9.857816094453765388e+00
9.153013420537053690e+00
1.106110828433108928e+01
6.017844763219749815e+00
8.904439048677341262e+00
6.143080866569881060e+00
1.290450451638542440e+01
1.239966776361543310e+01
1.365987184720528624e+01
9.134080406071019453e+00
7.484446550069412396e+00
5.133677730865858102e+00
6.233147230304284747e+00
6.011398540062031337e+00
1.483496435289477056e+01
9.506020369551691829e+00
1.275515901857420253e+01
1.680434875929435634e+01
7.101596977308989977e+00
1.025631898253664964e+01
1.213377775182733842e+01
1.348108065771136133e+01
1.039490096174168698e+01
1.453127362392632804e+01
1.052531684777538779e+01
1.769657797942423727e+01
9.420753683303635384e+00
1.531082338504402784e+01
1.213298919757073158e+01
5.415667555945073097e+00
8.871872049447407704e+00
8.415984452866313248e+00
9.025389350945713929e+00
1.507031364621667713e+01
1.249718417090692668e+01
1.201337597117472100e+01
6.843301538815450336e+00
7.605646759823743608e+00
7.979384211204818556e+00
4.941805086525130619e+00
5.307190155719166746e+00
4.711540954213470300e+00
9.163563251601692272e+00
9.051410315793390282e+00
8.141179621582045556e+00
7.420680947781415071e+00
1.147945275489224493e+01
1.475478029734744290e+01
7.802002053382031121e+00
1.118329134032925332e+01
1.078800482280236928e+01
1.537474122150429601e+01
1.001706290603545568e+01
5.330683419855917649e+00
1.149833437458450192e+01
1.585478610099168861e+01
5.947826861497963691e+00
1.659891454084338491e+01
1.283630030084539264e+01
6.145697149318141150e+00
9.223225103555808602e+00
1.491922301153381447e+01
1.398103897258887507e+01
1.026590311045279513e+01
6.654524714464434609e+00
9.984315630134348751e+00
8.798072848846851812e+00
9.074215467182348505e+00
8.456891931556080877e+00
7.898525595682374778e+00
5.374029193045238628e+00
1.030037065667904983e+01
1.367556978342233442e+01
6.884757286244610697e+00
5.890865807835138135e+00
6.601729179462276775e+00
6.955993043070018089e+00
1.234411596351067608e+01
1.143425129605118862e+01
1.137515046321485102e+01
1.283629814069506381e+01
5.646841721835592409e+00
4.334104557810528391e+00
5.717213567383186756e+00
8.874027005259700118e+00
9.027722658228595876e+00
6.829011779784452507e+00
9.974325413712625377e+00
7.051448461560073433e+00
7.625139604972217988e+00
6.807413658364199982e+00
1.034735640305662052e+01
5.828406074956538951e+00
6.849802122933006387e+00
7.775901682933659131e+00
4.990500212969340765e+00
8.995089527458841161e+00
4.973911078816260378e+00
8.448695462786488974e+00
5.231317126374067428e+00
6.649303147649398227e+00
9.243902907576297068e+00
1.418221917597315773e+01
1.225065925653063026e+01
8.443800577048344636e+00
7.541761617840287535e+00
1.109101987572315906e+01
1.149047770992570960e+01
8.287033398750320856e+00
6.308531993775927660e+00
1.095885416304749782e+01
8.714619262317864212e+00
6.480158458323748150e+00
1.121353722967235456e+01
1.188279230444046242e+01
5.689486860869601870e+00
8.548593762253656081e+00
6.027354544257349289e+00
1.101524255081517367e+01
1.009485594024537392e+01
1.890660803685032931e+01
9.387028338025778851e+00
6.424703628258363608e+00
9.817712225736871190e+00
8.854526853374325768e+00
1.087490612319608196e+01
1.111018398076539171e+01
9.037089409495676406e+00
6.753578519910847788e+00
1.191458615963622059e+01
9.627578011268843383e+00
